05:00 0797
05:10 0797, 0252
05:20 483 , 0227, 0220, 0227
05:30
05:40
05:44 0797
05:45 0078
05:48 0013
06:00 0852
06:06
06:15 0252, 0295, 0227
06:29
06:30 0584
06:39 0584
06:44 0223
06:50 0584
06:57 0584
07:00
07:30 0239, 0281, 0253, 0291, 0295
07:40
07:50 0221, 0297, 0291, 0232, 0291
08:00
08:10 0281, 0114, 0582, 0292
08:20
08:30 0299, 0145, 0291
08:40 0165
08:50 0292, 0145, 0274, 0239
08:58
09:00 0372
09:12 0263, 0299, 0296, 0481, 0277
09:28 0299, 0292, 0497, 0299
09:44 0292, 0113, 0265, 0145
09:58 0378
10:00 0299
10:10 0261, 0109, 0923, 0298, 0288, 0301, 0301, 0301, 0248
10:20 0165, 0299, 0582, 0002, 0299, 0298, 0301, 0294
10:30 0384, 0298, 0296, 0296, 0298, 0582, 0300, 0301, 0248
10:40 0387, 0109, 0185, 0292, 0294, 0289, 0288
10:50 0387, 0114, 0265, 0296, 0113, 0298, 0301, 0301, 0497
10:58 0299
11:00 0214
11:10 0298, 0297, 0291, 0295, 0292, 0301, 0291, 0146, 0298
11:30 0298, 0294, 0497, 0291, 0296, 0277, 0299, 0265, 0291
12:05
12:10 0299, 0298, 0298, 0301, 0296, 0301, 0294, 0277
12:20
12:29
12:30 0438
12:33 0109, 0296
12:37 0081
12:40 0232, 0109, 0285, 0267
12:50 0298, 0281, 0109, 0124
12:59 0215
13:00 0500
13:05 0109, 0109
13:09 0500
13:10 0161
13:20 0296, 0109
13:40 0298
13:50 0294, 0109
13:58 0161
14:00
14:10 0296, 0301, 0298, 0301, 0296, 0248, 0295, 732 
14:20
14:30 0293, 0299, 0301, 0301, 0301, 0109, 0227
14:40
14:50 0170, 0298, 0296, 0300, 0185, 0295, 283 
15:00
15:10 127 , 0292, 0301, 0294, 0301, 0227, 0321
15:20 0075, 0576, 0298, 0301, 0296, 0109, 357 
15:30 0075, 0497, 0296, 0300, 0248, 0109, 790 
15:40 735 , 0265, 0294, 0296, 0300, 0321
15:50
15:59
16:00 0231
16:30 0262, 0301, 0301, 0300, 0295, 592 
16:40
16:50 0296, 0289, 0294, 0295, 0227, 491 
17:20
17:30 0402, 0296, 0109, 0299, 0300, 0298, 483 
17:40 0185, 0265, 0301, 0301, 731 
17:58 0231
18:00
18:05 0008
18:10 0298, 0109, 592 
18:20
18:30 0287, 0124
18:40
18:50 0298, 0109, 490 
18:58 0008
19:00
19:10 592 , 0295, 0291, 846 
19:20
19:30 0294, 0295, 483 
19:40
19:50 733 , 0291, 0252, 951 
22:00
22:30 734 , 0291, 0295, 876 
22:50
23:00 0294, 0252, 154 
23:10
23:20
23:30 358 , 0227, 735 
23:40
23:50 0295, 0227, 482 
23:59
