06:00 2721
06:10 2606, 2278, 0626
06:20 0614, 2715, 6105, 0625
06:30 2480, 1733, 0624
06:40 0613, 2529, 0623
06:50 6107, 0622
07:00 0612, 2529, 0620
07:10 0610, 2479
07:20 0619, 0611
07:29 2722
07:30 2724
07:40 2719, 2720, 2679, 2592, 0012, 2719
07:50 2702, 2592, 2278, 2719
08:00 0615, 2719, 2720, 2592
08:10 2719, 2563
08:20 0002, 2719, 2720, 2592
08:30 0616, 2719, 2592, 2719
08:40 2464, 2592, 2720, 2719, 0617
08:50 2629, 2592, 2719, 2278
09:00 2733, 0005, 2720, 2719, 2592
09:10 2464, 2592, 2719, 2159
09:20 2733, 0615, 2592, 2720
09:30 2529, 2719, 1583
09:40 0005, 6105, 2733, 2719, 2041
09:50 0618, 2719, 2311
10:00 0005, 2719, 2733, 2553
10:10 1583, 2719, 6105
10:20 0616, 2719, 2733, 2529
10:30 0618, 2719, 2563, 6105
10:40 0005, 2733, 2719, 2563, 2159
10:50 2725
11:00
11:10 2719, 2723, 2563
11:20 2719, 2563
11:30 2278, 2723
11:40 2719
11:50 2719, 2723
11:59
12:05 2734, 1900, 2723, 2719, 2665, 2719, 1900
12:10 2719, 6105, 2723, 1900, 2719, 1900
12:20 2719, 2665, 2723, 2553, 2719, 1900
12:29 2735
